11111
22222
33333
44444
55555
this my first git study project
add line
hereo
four
five
666
7777
999
8888
999999
999999
999999
999999
999999
999999
999999
999999
999999
999999
999999
999999
999999
999999
999999
999999
999999
999999
999999
999999
999999
999999
999999
999999
999999
999999
999999
999999
999999
999999
999999
999999
999999
999999
999999
999999
999999
999999
999999
999999
999999
999999
999999
999999
999999
999999
999999
999999
999999
999999
999999
999999
999999
999999
999999
999999
999999
999999
999999
999999
999999
999999
999999
999999
999999
999999
999999
999999
999999
999999
999999
999999
999999
999999
999999
999999
999999
999999
999999
999999
999999
999999
999999
999999
999999
999999
999999
999999
999999
999999
999999
999999
999999
999999
999999
999999
999999
999999
999999
00000
aaaaa
bbbbb
ccccc

